retention_time	intensity
0.0000	21.523585
0.0200	14.833413
0.0400	23.818921
0.0600	24.802817
0.0800	10.378142
0.1000	13.655738
0.1200	20.839149
0.1400	18.652036
0.1600	20.182534
0.1800	16.034600
0.2000	24.730076
0.2200	24.255298
0.2400	20.729727
0.2600	26.068997
0.2800	22.803536
0.3000	16.202705
0.3200	22.376076
0.3400	15.771041
0.3600	24.990813
0.3800	20.382012
0.4000	19.740381
0.4200	17.293068
0.4400	26.843414
0.4600	19.991019
0.4800	18.654952
0.5000	19.068813
0.5200	23.523879
0.5400	22.722368
0.5600	22.991586
0.5800	23.114761
0.6000	31.701585
0.6200	18.993918
0.6400	18.497381
0.6600	17.022284
0.6800	24.203551
0.7000	26.800970
0.7200	20.618776
0.7400	17.020082
0.7600	17.130755
0.7800	24.538367
0.8000	25.033858
0.8200	24.065484
0.8400	18.054230
0.8600	22.574589
0.8800	22.029153
0.9000	22.571044
0.9200	25.866556
0.9400	22.659135
0.9600	24.967401
0.9800	21.942334
1.0000	23.081570
1.0200	24.823877
1.0400	14.413044
1.0600	20.131780
1.0800	19.409508
1.1000	18.598139
1.1200	20.447895
1.1400	29.329309
1.1600	17.556361
1.1800	26.757738
1.2000	13.532743
1.2200	20.303325
1.2400	22.822086
1.2600	24.969914
1.2800	25.625326
1.3000	26.066228
1.3200	20.386072
1.3400	19.848049
1.3600	26.479704
1.3800	21.263228
1.4000	15.871176
1.4200	16.613082
1.4400	17.712718
1.4600	24.828736
1.4800	23.097337
1.5000	25.911176
1.5200	20.491341
1.5400	23.854023
1.5600	27.293335
1.5800	25.264559
1.6000	34.953839
1.6200	41.255875
1.6400	64.805734
1.6600	101.920111
1.6800	154.716512
1.7000	241.387649
1.7200	332.635238
1.7400	438.344185
1.7600	534.791164
1.7800	601.031559
1.8000	626.150138
1.8200	598.361498
1.8400	530.380981
1.8600	438.048179
1.8800	326.765641
1.9000	231.992285
1.9200	154.412259
1.9400	99.227583
1.9600	69.059845
1.9800	40.533014
2.0000	31.328967
2.0200	33.912137
2.0400	23.043628
2.0600	27.463299
2.0800	18.728711
2.1000	22.255522
2.1200	18.513788
2.1400	21.581146
2.1600	27.499548
2.1800	14.685547
2.2000	25.518916
2.2200	24.560127
2.2400	20.425232
2.2600	16.190081
2.2800	23.805255
2.3000	20.821228
2.3200	24.656003
2.3400	23.625658
2.3600	31.548910
2.3800	22.366699
2.4000	18.469293
2.4200	24.506302
2.4400	24.732891
2.4600	30.451667
2.4800	27.853945
2.5000	25.485240
2.5200	31.039730
2.5400	17.801566
2.5600	20.568623
2.5800	19.156333
2.6000	21.861827
2.6200	16.948940
2.6400	27.029449
2.6600	22.763733
2.6800	16.541796
2.7000	18.838739
2.7200	25.504837
2.7400	28.148359
2.7600	33.961663
2.7800	38.567426
2.8000	26.090088
2.8200	19.090100
2.8400	13.397129
2.8600	25.415307
2.8800	20.031252
2.9000	22.038198
2.9200	21.073343
2.9400	23.448532
2.9600	29.500863
2.9800	24.974494
3.0000	23.414181
3.0200	19.047003
3.0400	15.869585
3.0600	21.829001
3.0800	24.008978
3.1000	33.134701
3.1200	24.963394
3.1400	29.242497
3.1600	21.848907
3.1800	18.437059
3.2000	19.552392
3.2200	20.767850
3.2400	35.052138
3.2600	20.318468
3.2800	28.633264
3.3000	19.941401
3.3200	29.128923
3.3400	26.410634
3.3600	23.717313
3.3800	24.311112
3.4000	21.255208
3.4200	26.773528
3.4400	22.282069
3.4600	18.442574
3.4800	18.194328
3.5000	25.460164
3.5200	32.505686
3.5400	25.422988
3.5600	24.042433
3.5800	26.077144
3.6000	31.190204
3.6200	25.769083
3.6400	22.629302
3.6600	30.226940
3.6800	26.850629
3.7000	32.396769
3.7200	25.645093
3.7400	18.617300
3.7600	17.909370
3.7800	33.015142
3.8000	33.389047
3.8200	23.883419
3.8400	22.876055
3.8600	32.112561
3.8800	19.290337
3.9000	20.390385
3.9200	28.164329
3.9400	23.164086
3.9600	25.534444
3.9800	25.652876
4.0000	30.026890
4.0200	39.024696
4.0400	39.195465
4.0600	53.810884
4.0800	60.003443
4.1000	100.844787
4.1200	142.488441
4.1400	204.147024
4.1600	288.935405
4.1800	393.251918
4.2000	514.973518
4.2200	624.575451
4.2400	745.754962
4.2600	837.882084
4.2800	901.359673
4.3000	929.966623
4.3200	905.697751
4.3400	847.008192
4.3600	744.856680
4.3800	627.764239
4.4000	509.320379
4.4200	396.189817
4.4400	294.272958
4.4600	204.892197
4.4800	147.239210
4.5000	102.320806
4.5200	82.942072
4.5400	60.084921
4.5600	34.594935
4.5800	30.678079
4.6000	21.158610
4.6200	23.662444
4.6400	27.293048
4.6600	31.330422
4.6800	21.475384
4.7000	21.775454
4.7200	14.280337
4.7400	24.192268
4.7600	19.689211
4.7800	22.352132
4.8000	20.613743
4.8200	24.525522
4.8400	16.206849
4.8600	17.658726
4.8800	35.638435
4.9000	18.553113
4.9200	19.504104
4.9400	34.170184
4.9600	39.508315
4.9800	19.122287
5.0000	23.135795
5.0200	26.681516
5.0400	33.613704
5.0600	20.032187
5.0800	23.736119
5.1000	28.845012
5.1200	27.127749
5.1400	23.068514
5.1600	24.275334
5.1800	18.064905
5.2000	23.743231
5.2200	23.596658
5.2400	26.083723
5.2600	22.140296
5.2800	27.268464
5.3000	29.967972
5.3200	25.674944
5.3400	26.649765
5.3600	25.149728
5.3800	24.877125
5.4000	21.261448
5.4200	26.444028
5.4400	24.367226
5.4600	35.311387
5.4800	32.703991
5.5000	26.757906
5.5200	21.004629
5.5400	19.248885
5.5600	30.757471
5.5800	26.106103
5.6000	27.183461
5.6200	16.049988
5.6400	29.400073
5.6600	27.024734
5.6800	19.190018
5.7000	22.373876
5.7200	26.039205
5.7400	24.971862
5.7600	23.237371
5.7800	24.169277
5.8000	23.415114
5.8200	25.425888
5.8400	32.008402
5.8600	11.805311
5.8800	23.441806
5.9000	25.495869
5.9200	26.080320
5.9400	22.727617
5.9600	15.790216
5.9800	26.200235
6.0000	33.183238
6.0200	16.863208
6.0400	28.837481
6.0600	22.861340
6.0800	24.182769
6.1000	19.210124
6.1200	22.787362
6.1400	30.944695
6.1600	27.342379
6.1800	33.075095
6.2000	30.284836
6.2200	26.577259
6.2400	33.085374
6.2600	26.544433
6.2800	28.473289
6.3000	22.835242
6.3200	24.638786
6.3400	20.816925
6.3600	29.278409
6.3800	18.540194
6.4000	28.627380
6.4200	24.461517
6.4400	32.847167
6.4600	34.039641
6.4800	45.796948
6.5000	51.957489
6.5200	60.017031
6.5400	98.200160
6.5600	137.167161
6.5800	200.029467
6.6000	283.406973
6.6200	360.802308
6.6400	435.670019
6.6600	504.287537
6.6800	557.204777
6.7000	567.859370
6.7200	553.644157
6.7400	510.834158
6.7600	444.818216
6.7800	360.494434
6.8000	264.189382
6.8200	203.896717
6.8400	143.100413
6.8600	100.276469
6.8800	75.589430
6.9000	37.577648
6.9200	33.287517
6.9400	32.748257
6.9600	18.550523
6.9800	32.221240
7.0000	25.943317
7.0200	28.009748
7.0400	20.780128
7.0600	27.636490
7.0800	28.871346
7.1000	24.664756
7.1200	24.646996
7.1400	24.802240
7.1600	19.109484
7.1800	22.664185
7.2000	22.614705
7.2200	25.269631
7.2400	28.326979
7.2600	18.010226
7.2800	22.652762
7.3000	30.659841
7.3200	19.509234
7.3400	19.090393
7.3600	24.187500
7.3800	27.372079
7.4000	23.181328
7.4200	29.742906
7.4400	27.355841
7.4600	27.254603
7.4800	25.789581
7.5000	34.630626
7.5200	21.939781
7.5400	12.921075
7.5600	30.932925
7.5800	20.595993
7.6000	23.396601
7.6200	29.377535
7.6400	14.790940
7.6600	16.516333
7.6800	14.740387
7.7000	18.748182
7.7200	24.889012
7.7400	25.283614
7.7600	24.015773
7.7800	15.542183
7.8000	11.026990
7.8200	22.820655
7.8400	20.161273
7.8600	24.788237
7.8800	25.972120
7.9000	23.124494
7.9200	26.204779
7.9400	23.520889
7.9600	24.995770
7.9800	18.792590
8.0000	21.388306
8.0200	23.240549
8.0400	26.329516
8.0600	20.228273
8.0800	24.772824
8.1000	20.807705
8.1200	21.519006
8.1400	26.224035
8.1600	12.080769
8.1800	15.533249
8.2000	14.574135
8.2200	10.286343
8.2400	18.532377
8.2600	25.640059
8.2800	20.437575
8.3000	22.819969
8.3200	27.246047
8.3400	28.407252
8.3600	21.391915
8.3800	28.474240
8.4000	22.135574
8.4200	17.456505
8.4400	18.639977
8.4600	14.177707
8.4800	17.108061
8.5000	19.726919
8.5200	25.503132
8.5400	30.057194
8.5600	14.510511
8.5800	23.353567
8.6000	16.154659
8.6200	23.698753
8.6400	20.637663
8.6600	12.106340
8.6800	25.870070
8.7000	18.171243
8.7200	18.494354
8.7400	15.782650
8.7600	17.827503
8.7800	23.205831
8.8000	20.087575
8.8200	22.644495
8.8400	22.778187
8.8600	27.539380
8.8800	19.189991
8.9000	13.488496
8.9200	26.180395
8.9400	19.164804
8.9600	26.388262
8.9800	22.758893
9.0000	20.284736
9.0200	22.928726
9.0400	31.468270
9.0600	33.153470
9.0800	25.103488
9.1000	29.117490
9.1200	39.777057
9.1400	40.078831
9.1600	61.400410
9.1800	82.523329
9.2000	116.678519
9.2200	154.703277
9.2400	206.986041
9.2600	272.627344
9.2800	355.380862
9.3000	442.485989
9.3200	527.012962
9.3400	614.516582
9.3600	671.819364
9.3800	701.403243
9.4000	721.779838
9.4200	704.111643
9.4400	664.734253
9.4600	605.557074
9.4800	531.308150
9.5000	442.749812
9.5200	365.887160
9.5400	276.816089
9.5600	214.432512
9.5800	171.258870
9.6000	115.558226
9.6200	89.086064
9.6400	59.393539
9.6600	46.345469
9.6800	33.179993
9.7000	26.466199
9.7200	19.794561
9.7400	23.789204
9.7600	16.258440
9.7800	23.249534
9.8000	25.037518
9.8200	21.279281
9.8400	17.922692
9.8600	21.564793
9.8800	17.707790
9.9000	23.891616
9.9200	10.022284
9.9400	17.467801
9.9600	9.158736
9.9800	11.604634
10.0000	25.866482
10.0200	23.490387
10.0400	15.384402
10.0600	11.436673
10.0800	4.093980
10.1000	16.166630
10.1200	30.953715
10.1400	20.993645
10.1600	15.988998
10.1800	21.079950
10.2000	10.917503
10.2200	17.203480
10.2400	19.155344
10.2600	18.195373
10.2800	22.547888
10.3000	20.285127
10.3200	21.871639
10.3400	15.056320
10.3600	22.955498
10.3800	26.579413
10.4000	13.552358
10.4200	13.933075
10.4400	25.018996
10.4600	17.351948
10.4800	25.296445
10.5000	16.033405
10.5200	25.490136
10.5400	18.841240
10.5600	19.443939
10.5800	25.945451
10.6000	16.282159
10.6200	13.354635
10.6400	15.786745
10.6600	20.260644
10.6800	10.139676
10.7000	21.125413
10.7200	15.213881
10.7400	23.616573
10.7600	5.876075
10.7800	13.884510
10.8000	9.355057
10.8200	13.626408
10.8400	18.966142
10.8600	16.802037
10.8800	16.401743
10.9000	16.843270
10.9200	18.626805
10.9400	12.537959
10.9600	21.085770
10.9800	20.835843
11.0000	19.418804
11.0200	20.247495
11.0400	18.918243
11.0600	27.582960
11.0800	16.943677
11.1000	15.815403
11.1200	13.554970
11.1400	12.133203
11.1600	11.044186
11.1800	12.794708
11.2000	16.857565
11.2200	18.854839
11.2400	17.411596
11.2600	13.300857
11.2800	21.602232
11.3000	20.771277
11.3200	16.249007
11.3400	13.755833
11.3600	19.735852
11.3800	17.907012
11.4000	9.700074
11.4200	16.574512
11.4400	18.198432
11.4600	12.363757
11.4800	17.785565
11.5000	9.536494
11.5200	23.465937
11.5400	22.999299
11.5600	15.471649
11.5800	18.526339
11.6000	4.634436
11.6200	10.877433
11.6400	15.165551
11.6600	11.249204
11.6800	20.157426
11.7000	26.547652
11.7200	10.653974
11.7400	12.325764
11.7600	17.666510
11.7800	24.521193
11.8000	10.330242
11.8200	17.663953
11.8400	25.502085
11.8600	8.113773
11.8800	9.944362
11.9000	14.208977
11.9200	13.701533
11.9400	20.345111
11.9600	17.468197
11.9800	7.363049
12.0000	18.793040
